2.460601137286758389e-01
2.464662875710804113e-01
2.464662875710804113e-01
2.465475223395613702e-01
2.297319252640130094e-01
2.297319252640130094e-01
2.297319252640130094e-01
2.297319252640130094e-01
2.465475223395613702e-01
2.466287571080422458e-01
2.466287571080422458e-01
2.466287571080422458e-01
2.298131600324939128e-01
2.298131600324939128e-01
2.298131600324939128e-01
2.298131600324939128e-01
2.298131600324939128e-01
2.308692120227457401e-01
2.382615759545085310e-01
2.452477660438667773e-01
2.467099918765231492e-01
2.452477660438667773e-01
2.383428107229894066e-01
2.309504467912266157e-01
2.298943948009747884e-01
2.467099918765231492e-01
2.467099918765231492e-01
2.467099918765231492e-01
2.467099918765231492e-01
2.298943948009747884e-01
2.298943948009747884e-01
2.298943948009747884e-01
2.298943948009747884e-01
2.467099918765231492e-01
2.467099918765231492e-01
2.467099918765231492e-01
2.467912266450040248e-01
2.298943948009747884e-01
2.298943948009747884e-01
2.298943948009747884e-01
2.298943948009747884e-01
2.298943948009747884e-01
2.310316815597075468e-01
2.384240454914703378e-01
2.453290008123477084e-01
2.467912266450040248e-01
2.454102355808285840e-01
2.384240454914703378e-01
2.309504467912266157e-01
2.299756295694557195e-01
2.310316815597075468e-01
2.384240454914703378e-01
2.453290008123477084e-01
2.467912266450040248e-01
2.454102355808285840e-01
2.384240454914703378e-01
2.310316815597075468e-01
2.298943948009747884e-01
2.467912266450040248e-01
2.467912266450040248e-01
2.467912266450040248e-01
2.467912266450040248e-01
2.299756295694557195e-01
2.298943948009747884e-01
2.298943948009747884e-01
2.299756295694557195e-01
2.299756295694557195e-01
2.310316815597075468e-01
2.384240454914703378e-01
2.454102355808285840e-01
2.467912266450040248e-01
2.454102355808285840e-01
2.384240454914703378e-01
2.309504467912266157e-01
2.299756295694557195e-01
2.309504467912266157e-01
2.384240454914703378e-01
2.454102355808285840e-01
2.467912266450040248e-01
2.454102355808285840e-01
2.385052802599512689e-01
2.309504467912266157e-01
2.299756295694557195e-01
2.467912266450040248e-01
2.468724614134850115e-01
2.468724614134850115e-01
2.468724614134850115e-01
2.299756295694557195e-01
2.299756295694557195e-01
2.299756295694557195e-01
2.299756295694557195e-01
2.468724614134850115e-01
2.468724614134850115e-01
2.468724614134850115e-01
2.468724614134850115e-01
2.299756295694557195e-01
2.299756295694557195e-01
2.299756295694557195e-01
2.299756295694557195e-01
2.299756295694557195e-01
2.309504467912266157e-01
2.385052802599512689e-01
2.454102355808285840e-01
2.468724614134850115e-01
2.454914703493095429e-01
2.385052802599512689e-01
2.310316815597075468e-01
2.299756295694557195e-01
2.468724614134850115e-01
2.468724614134850115e-01
2.468724614134850115e-01
2.468724614134850115e-01
2.299756295694557195e-01
2.299756295694557195e-01
2.299756295694557195e-01
2.299756295694557195e-01
2.299756295694557195e-01
2.310316815597075468e-01
2.385052802599512689e-01
2.454914703493095429e-01
2.468724614134850115e-01
2.454914703493095429e-01
2.385052802599512689e-01
2.310316815597075468e-01
2.299756295694557195e-01
2.468724614134850115e-01
2.468724614134850115e-01
2.468724614134850115e-01
2.468724614134850115e-01
2.300568643379366507e-01
2.299756295694557195e-01
2.299756295694557195e-01
2.299756295694557195e-01
2.299756295694557195e-01
2.310316815597075468e-01
2.385052802599512689e-01
2.454914703493095429e-01
2.469536961819658871e-01
2.454914703493095429e-01
2.385865150284321723e-01
2.311129163281884780e-01
2.300568643379366507e-01
2.310316815597075468e-01
2.385865150284321723e-01
2.454914703493095429e-01
2.469536961819658871e-01
2.454914703493095429e-01
2.385865150284321723e-01
2.311129163281884780e-01
2.300568643379366507e-01
2.469536961819658871e-01
2.469536961819658871e-01
2.469536961819658871e-01
2.469536961819658871e-01
2.300568643379366507e-01
2.300568643379366507e-01
2.300568643379366507e-01
2.300568643379366507e-01
2.300568643379366507e-01
2.310316815597075468e-01
2.385865150284321723e-01
2.454914703493095429e-01
2.469536961819658871e-01
2.455727051177904185e-01
2.385865150284321723e-01
2.311129163281884780e-01
2.300568643379366507e-01
2.469536961819658871e-01
2.469536961819658871e-01
2.469536961819658871e-01
2.469536961819658871e-01
2.300568643379366507e-01
2.300568643379366507e-01
2.300568643379366507e-01
2.300568643379366507e-01
2.469536961819658871e-01
2.469536961819658871e-01
2.469536961819658871e-01
2.469536961819658871e-01
2.300568643379366507e-01
2.300568643379366507e-01
2.300568643379366507e-01
2.300568643379366507e-01
2.300568643379366507e-01
2.311129163281884780e-01
2.385865150284321723e-01
2.455727051177904185e-01
2.469536961819658871e-01
2.455727051177904185e-01
2.385865150284321723e-01
2.311129163281884780e-01
2.300568643379366507e-01
2.469536961819658871e-01
2.470349309504467905e-01
2.470349309504467905e-01
2.470349309504467905e-01
2.300568643379366507e-01
2.300568643379366507e-01
2.300568643379366507e-01
2.300568643379366507e-01
2.469536961819658871e-01
2.470349309504467905e-01
2.470349309504467905e-01
2.470349309504467905e-01
2.301380991064175541e-01
2.301380991064175541e-01
2.300568643379366507e-01
2.301380991064175541e-01
2.300568643379366507e-01
2.311129163281884780e-01
2.385865150284321723e-01
2.455727051177904185e-01
2.470349309504467905e-01
2.455727051177904185e-01
2.385865150284321723e-01
2.311129163281884780e-01
2.301380991064175541e-01
2.470349309504467905e-01
2.470349309504467905e-01
2.470349309504467905e-01
2.470349309504467905e-01
2.300568643379366507e-01
2.300568643379366507e-01
2.301380991064175541e-01
2.301380991064175541e-01
2.470349309504467905e-01
2.470349309504467905e-01
2.470349309504467905e-01
2.470349309504467905e-01
2.301380991064175541e-01
2.301380991064175541e-01
2.301380991064175541e-01
2.301380991064175541e-01
2.301380991064175541e-01
2.311941510966693814e-01
2.386677497969130479e-01
2.455727051177904185e-01
2.470349309504467905e-01
2.456539398862713219e-01
2.386677497969130479e-01
2.311941510966693814e-01
2.301380991064175541e-01
2.311941510966693814e-01
2.386677497969130479e-01
2.455727051177904185e-01
2.470349309504467905e-01
2.456539398862713219e-01
2.386677497969130479e-01
2.311941510966693814e-01
2.301380991064175541e-01
2.470349309504467905e-01
2.470349309504467905e-01
2.470349309504467905e-01
2.470349309504467905e-01
2.301380991064175541e-01
2.301380991064175541e-01
2.301380991064175541e-01
2.301380991064175541e-01
2.301380991064175541e-01
2.311941510966693814e-01
2.386677497969130479e-01
2.456539398862713219e-01
2.470349309504467905e-01
2.456539398862713219e-01
2.386677497969130479e-01
2.311941510966693814e-01
2.301380991064175541e-01
2.311941510966693814e-01
2.386677497969130479e-01
2.456539398862713219e-01
2.470349309504467905e-01
2.456539398862713219e-01
2.386677497969130479e-01
2.311941510966693814e-01
2.301380991064175541e-01
2.470349309504467905e-01
2.470349309504467905e-01
2.470349309504467905e-01
2.471161657189276661e-01
2.301380991064175541e-01
2.301380991064175541e-01
2.301380991064175541e-01
2.301380991064175541e-01
2.470349309504467905e-01
2.470349309504467905e-01
2.470349309504467905e-01
2.471161657189276661e-01
2.301380991064175541e-01
2.301380991064175541e-01
2.301380991064175541e-01
2.300568643379366507e-01
2.301380991064175541e-01
2.311941510966693814e-01
2.386677497969130479e-01
2.456539398862713219e-01
2.470349309504467905e-01
2.456539398862713219e-01
2.386677497969130479e-01
2.311941510966693814e-01
2.301380991064175541e-01
2.470349309504467905e-01
2.470349309504467905e-01
2.470349309504467905e-01
2.471161657189276661e-01
2.301380991064175541e-01
2.301380991064175541e-01
2.301380991064175541e-01
2.301380991064175541e-01
2.471161657189276661e-01
2.471161657189276661e-01
2.471161657189276661e-01
2.471161657189276661e-01
2.301380991064175541e-01
2.301380991064175541e-01
2.301380991064175541e-01
2.301380991064175541e-01
2.301380991064175541e-01
2.311941510966693814e-01
2.387489845653939791e-01
2.456539398862713219e-01
2.471161657189276661e-01
2.456539398862713219e-01
2.387489845653939791e-01
2.311941510966693814e-01
2.301380991064175541e-01
2.311941510966693814e-01
2.387489845653939791e-01
2.456539398862713219e-01
2.471161657189276661e-01
2.456539398862713219e-01
2.387489845653939791e-01
2.311941510966693814e-01
2.301380991064175541e-01
2.471161657189276661e-01
2.471161657189276661e-01
2.471161657189276661e-01
2.471161657189276661e-01
2.302193338748984297e-01
2.302193338748984297e-01
2.302193338748984297e-01
2.302193338748984297e-01
2.300568643379366507e-01
2.311941510966693814e-01
2.387489845653939791e-01
2.456539398862713219e-01
2.471161657189276661e-01
2.457351746547521976e-01
2.387489845653939791e-01
2.312753858651502570e-01
2.302193338748984297e-01
2.471161657189276661e-01
2.471161657189276661e-01
2.471161657189276661e-01
2.471161657189276661e-01
2.302193338748984297e-01
2.302193338748984297e-01
2.301380991064175541e-01
2.302193338748984297e-01
2.301380991064175541e-01
2.312753858651502570e-01
2.387489845653939791e-01
2.456539398862713219e-01
2.471161657189276661e-01
2.457351746547521976e-01
2.387489845653939791e-01
2.312753858651502570e-01
2.302193338748984297e-01
2.471161657189276661e-01
2.471161657189276661e-01
2.471161657189276661e-01
2.471161657189276661e-01
2.302193338748984297e-01
2.301380991064175541e-01
2.302193338748984297e-01
2.301380991064175541e-01
2.301380991064175541e-01
2.311941510966693814e-01
2.387489845653939791e-01
2.456539398862713219e-01
2.471161657189276661e-01
2.456539398862713219e-01
2.387489845653939791e-01
2.312753858651502570e-01
2.301380991064175541e-01
2.471161657189276661e-01
2.470349309504467905e-01
2.471161657189276661e-01
2.471161657189276661e-01
2.301380991064175541e-01
2.301380991064175541e-01
2.302193338748984297e-01
2.301380991064175541e-01
2.301380991064175541e-01
2.312753858651502570e-01
2.387489845653939791e-01
2.456539398862713219e-01
2.471161657189276661e-01
2.457351746547521976e-01
2.387489845653939791e-01
2.312753858651502570e-01
