5.840839371085166931e-01
5.464142113924026489e-01
5.197354778647422791e-01
5.012463927268981934e-01
4.690172821283340454e-01
4.543643146753311157e-01
4.325034618377685547e-01
4.065347239375114441e-01
3.756703212857246399e-01
3.454839736223220825e-01
3.209205046296119690e-01
2.947286665439605713e-01
2.635252699255943298e-01
2.288233712315559387e-01
2.002378106117248535e-01
1.808632761240005493e-01
1.637112423777580261e-01
1.459740921854972839e-01
1.454987972974777222e-01
1.614184826612472534e-01
2.076266407966613770e-01
2.458471581339836121e-01
3.014048188924789429e-01
3.570829927921295166e-01
4.202827140688896179e-01
4.786154106259346008e-01
5.352057442069053650e-01
5.821111425757408142e-01
6.271455213427543640e-01
6.750633642077445984e-01
7.117990106344223022e-01
7.311841249465942383e-01
7.510379999876022339e-01
7.708370685577392578e-01
7.797538489103317261e-01
7.576224505901336670e-01
7.712394446134567261e-01
7.537682056427001953e-01
7.442706376314163208e-01
7.192802056670188904e-01
6.982709169387817383e-01
6.976139172911643982e-01
6.753638833761215210e-01
6.619653627276420593e-01
6.651921495795249939e-01
6.917051821947097778e-01
7.123325616121292114e-01
7.483449727296829224e-01
7.706154659390449524e-01
7.917606085538864136e-01
8.086805418133735657e-01
8.088130205869674683e-01
7.871927767992019653e-01
7.486673668026924133e-01
7.160161286592483521e-01
6.818853169679641724e-01
6.312012225389480591e-01
5.759195312857627869e-01
5.470316708087921143e-01
5.245185792446136475e-01
5.059875473380088806e-01
4.954224601387977600e-01
4.919755160808563232e-01
4.966261535882949829e-01
4.994805008172988892e-01
5.157743766903877258e-01
5.332684367895126343e-01
5.419243425130844116e-01
5.496990457177162170e-01
5.441834256052970886e-01
5.268485769629478455e-01
4.979348033666610718e-01
4.632904678583145142e-01
4.231754913926124573e-01
3.945336863398551941e-01
3.786619976162910461e-01
3.764377459883689880e-01
3.925095871090888977e-01
4.130840674042701721e-01
4.562756568193435669e-01
5.016343593597412109e-01
5.424959808588027954e-01
5.860025659203529358e-01
6.334983780980110168e-01
6.769592687487602234e-01
7.210663110017776489e-01
7.453451603651046753e-01
7.813608646392822266e-01
7.992316111922264099e-01
8.207825869321823120e-01
8.456742838025093079e-01
8.555123209953308105e-01
8.745918795466423035e-01
8.865556493401527405e-01
9.121459499001502991e-01
9.218094423413276672e-01
9.466215595602989197e-01
9.556689858436584473e-01
9.549999386072158813e-01
9.586624801158905029e-01
9.665822386741638184e-01
9.602383971214294434e-01
9.685119464993476868e-01
9.912989735603332520e-01
1.005989298224449158e+00
9.912397712469100952e-01
9.600966572761535645e-01
9.329757094383239746e-01
8.525917604565620422e-01
8.035169616341590881e-01
7.580842226743698120e-01
6.967604905366897583e-01
6.437991037964820862e-01
5.701736435294151306e-01
5.218973085284233093e-01
4.656239524483680725e-01
4.178024902939796448e-01
3.778917863965034485e-01
3.304327279329299927e-01
2.907894700765609741e-01
2.507632821798324585e-01
2.169259190559387207e-01
1.785271391272544861e-01
1.502572447061538696e-01
1.219387054443359375e-01
1.107542514801025391e-01
9.284162521362304688e-02
6.616187095642089844e-02
5.343810468912124634e-02
4.621035605669021606e-02
4.522720724344253540e-02
4.189324378967285156e-02
4.523491859436035156e-02
7.711850851774215698e-02
1.117724552750587463e-01
1.780923977494239807e-01
2.635804563760757446e-01
3.388473019003868103e-01
4.185888022184371948e-01
4.794924333691596985e-01
5.190254151821136475e-01
5.579915642738342285e-01
5.799214169383049011e-01
5.952061638236045837e-01
6.086347028613090515e-01
5.998069718480110168e-01
5.882923081517219543e-01
5.739624798297882080e-01
5.582121834158897400e-01
5.480046495795249939e-01
5.284273400902748108e-01
5.104989409446716309e-01
4.882442355155944824e-01
4.767683967947959900e-01
4.507795944809913635e-01
4.433802068233489990e-01
4.294515177607536316e-01
4.303585365414619446e-01
4.453965127468109131e-01
4.780715778470039368e-01
5.208907276391983032e-01
5.653787255287170410e-01
6.184387132525444031e-01
6.640314981341362000e-01
7.031111940741539001e-01
7.285310849547386169e-01
7.320414036512374878e-01
7.510050609707832336e-01
7.695333957672119141e-01
7.715146243572235107e-01
7.936821803450584412e-01
8.186945468187332153e-01
8.381727710366249084e-01
8.422067239880561829e-01
8.641702011227607727e-01
8.975400701165199280e-01
9.167932048439979553e-01
9.184563234448432922e-01
9.282686039805412292e-01
9.443770349025726318e-01
9.585199505090713501e-01
9.709338545799255371e-01
9.706558063626289368e-01
1.000802785158157349e+00
1.004333719611167908e+00
9.899637550115585327e-01
9.479921832680702209e-01
9.009824395179748535e-01
8.328961282968521118e-01
7.949473261833190918e-01
7.579550296068191528e-01
7.098539322614669800e-01
6.646992415189743042e-01
6.088205426931381226e-01
5.586892291903495789e-01
5.062629207968711853e-01
4.601156115531921387e-01
4.224478378891944885e-01
3.778088167309761047e-01
3.341992273926734924e-01
2.912343293428421021e-01
2.519844248890876770e-01
2.201450094580650330e-01
1.890012547373771667e-01
1.554628387093544006e-01
1.307582184672355652e-01
1.123969182372093201e-01
8.808755874633789062e-02
7.209035009145736694e-02
5.681506544351577759e-02
5.278734117746353149e-02
6.182868033647537231e-02
6.755644828081130981e-02
8.839364349842071533e-02
1.200644969940185547e-01
1.821096390485763550e-01
2.556582838296890259e-01
3.285310491919517517e-01
3.988360017538070679e-01
4.662904441356658936e-01
5.234772339463233948e-01
5.638213753700256348e-01
5.958481431007385254e-01
6.146304532885551453e-01
6.304659768939018250e-01
6.295761093497276306e-01
6.246031448245048523e-01
6.121076568961143494e-01
6.110534220933914185e-01
5.933223366737365723e-01
5.659506618976593018e-01
5.530285164713859558e-01
5.311333462595939636e-01
5.103806853294372559e-01
4.884817004203796387e-01
4.782065376639366150e-01
4.709778428077697754e-01
4.657341614365577698e-01
4.808265045285224915e-01
5.089206397533416748e-01
5.377652347087860107e-01
5.809214711189270020e-01
6.324079781770706177e-01
6.829035952687263489e-01
7.188481539487838745e-01
7.345925569534301758e-01
7.316059991717338562e-01
7.467936351895332336e-01
7.483647614717483521e-01
7.559516876935958862e-01
7.535350769758224487e-01
7.741839587688446045e-01
7.806035727262496948e-01
7.943678721785545349e-01
8.158325701951980591e-01
8.474400416016578674e-01
8.618513941764831543e-01
8.755226656794548035e-01
8.939270228147506714e-01
9.143446087837219238e-01
9.226681888103485107e-01
9.443474709987640381e-01
9.560995250940322876e-01
9.794544056057929993e-01
9.659847095608711243e-01
9.587310627102851868e-01
9.214000850915908813e-01
8.509824872016906738e-01
8.192120119929313660e-01
7.847435846924781799e-01
7.232619971036911011e-01
7.040476053953170776e-01
6.628606393933296204e-01
6.218996793031692505e-01
5.767865106463432312e-01
5.416282266378402710e-01
5.034396871924400330e-01
4.662849307060241699e-01
4.254490509629249573e-01
3.854080513119697571e-01
3.531509265303611755e-01
3.128824979066848755e-01
2.726541236042976379e-01
2.354951128363609314e-01
2.095059677958488464e-01
1.797669827938079834e-01
1.471731364727020264e-01
1.215854138135910034e-01
1.036523282527923584e-01
9.310726076364517212e-02
8.376809209585189819e-02
8.239010721445083618e-02
1.003491878509521484e-01
1.381149664521217346e-01
1.703608036041259766e-01
2.263057380914688110e-01
2.829309850931167603e-01
3.531430810689926147e-01
4.209323301911354065e-01
4.798724204301834106e-01
5.311188846826553345e-01
5.850108265876770020e-01
6.221264153718948364e-01
6.445960551500320435e-01
6.746316999197006226e-01
6.921452730894088745e-01
6.917179375886917114e-01
6.790540963411331177e-01
6.682923883199691772e-01
6.600346118211746216e-01
6.373087018728256226e-01
6.094554141163825989e-01
5.992712900042533875e-01
5.748526975512504578e-01
5.583824440836906433e-01
5.399934276938438416e-01
5.313408970832824707e-01
5.400732606649398804e-01
5.553935170173645020e-01
5.796357616782188416e-01
6.095522865653038025e-01
6.462655663490295410e-01
7.014518827199935913e-01
7.417457178235054016e-01
7.519183084368705750e-01
7.580226212739944458e-01
7.494094818830490112e-01
7.362664490938186646e-01
7.220386713743209839e-01
7.034740895032882690e-01
6.990433931350708008e-01
6.942789182066917419e-01
6.940171793103218079e-01
6.990258768200874329e-01
7.191731184720993042e-01
7.315135747194290161e-01
7.571539133787155151e-01
7.800457477569580078e-01
7.996340617537498474e-01
8.208903521299362183e-01
8.335984125733375549e-01
8.494555354118347168e-01
8.584743514657020569e-01
8.696532323956489563e-01
8.494520708918571472e-01
8.282061889767646790e-01
7.935469523072242737e-01
7.396412715315818787e-01
7.026814296841621399e-01
6.607801541686058044e-01
6.258263811469078064e-01
5.940788909792900085e-01
5.940790474414825439e-01
5.836240723729133606e-01
5.782912075519561768e-01
5.781744271516799927e-01
5.711330026388168335e-01
5.673903450369834900e-01
5.464606508612632751e-01
5.184232965111732483e-01
4.856195673346519470e-01
4.542773738503456116e-01
4.281813278794288635e-01
3.918892219662666321e-01
3.515907153487205505e-01
3.217916488647460938e-01
2.917012721300125122e-01
2.589820474386215210e-01
2.437144741415977478e-01
2.477419972419738770e-01
2.597197145223617554e-01
2.800171300768852234e-01
3.320139124989509583e-01
3.634943068027496338e-01
4.201529398560523987e-01
4.537941962480545044e-01
4.940811768174171448e-01
5.448652580380439758e-01
5.800177380442619324e-01
6.147196590900421143e-01
6.574625000357627869e-01
6.947808489203453064e-01
7.365018948912620544e-01
7.708639353513717651e-01
7.975427359342575073e-01
8.132648542523384094e-01
8.366354480385780334e-01
8.425109460949897766e-01
8.432085216045379639e-01
8.358232676982879639e-01
8.263995721936225891e-01
8.311269357800483704e-01
8.121870532631874084e-01
7.965859621763229370e-01
7.949404269456863403e-01
8.038849383592605591e-01
8.138322085142135620e-01
8.287199512124061584e-01
8.608433604240417480e-01
8.658205047249794006e-01
8.817004933953285217e-01
9.022725597023963928e-01
8.875478282570838928e-01
8.593324869871139526e-01
8.339834734797477722e-01
7.940852716565132141e-01
7.353974208235740662e-01
6.944774836301803589e-01
6.395900994539260864e-01
5.632743388414382935e-01
5.283645913004875183e-01
4.744224771857261658e-01
4.287224411964416504e-01
4.032602384686470032e-01
3.737606257200241089e-01
3.545968383550643921e-01
3.393735885620117188e-01
3.179895803332328796e-01
3.004111796617507935e-01
2.822586596012115479e-01
2.642634958028793335e-01
2.379237636923789978e-01
2.098063752055168152e-01
1.895415559411048889e-01
1.673250719904899597e-01
1.497500538825988770e-01
1.381555050611495972e-01
1.355144307017326355e-01
1.456305608153343201e-01
1.631628349423408508e-01
2.042969167232513428e-01
2.695663496851921082e-01
3.334246352314949036e-01
4.022843390703201294e-01
4.641507491469383240e-01
5.231915116310119629e-01
5.681542754173278809e-01
6.083868965506553650e-01
6.361933052539825439e-01
6.663701087236404419e-01
6.933540850877761841e-01
7.075360193848609924e-01
7.158657759428024292e-01
7.238384038209915161e-01
7.164998799562454224e-01
7.166658192873001099e-01
7.102109193801879883e-01
6.989118680357933044e-01
6.789663583040237427e-01
6.655859500169754028e-01
6.444288343191146851e-01
6.180194094777107239e-01
6.124314814805984497e-01
6.120205223560333252e-01
6.291775628924369812e-01
6.605590060353279114e-01
6.955385953187942505e-01
7.460815533995628357e-01
7.671708688139915466e-01
7.877957522869110107e-01
7.894345149397850037e-01
7.844930067658424377e-01
7.691670283675193787e-01
7.537137717008590698e-01
7.337577790021896362e-01
7.005476877093315125e-01
6.841656416654586792e-01
6.580718606710433960e-01
6.357136517763137817e-01
6.144588366150856018e-01
6.104606613516807556e-01
6.173123866319656372e-01
6.310800537467002869e-01
6.432040408253669739e-01
6.654416620731353760e-01
6.765065416693687439e-01
7.030905038118362427e-01
7.122594937682151794e-01
7.136603593826293945e-01
6.961542814970016479e-01
6.710122004151344299e-01
6.229038983583450317e-01
5.755328685045242310e-01
5.256928429007530212e-01
4.915402531623840332e-01
4.763761833310127258e-01
4.688080772757530212e-01
4.586311280727386475e-01
4.595505371689796448e-01
4.814039170742034912e-01
5.032629296183586121e-01
5.210711658000946045e-01
5.535005554556846619e-01
5.779014527797698975e-01
5.984071344137191772e-01
6.194401904940605164e-01
6.285647898912429810e-01
6.397126391530036926e-01
6.308224871754646301e-01
6.182726547122001648e-01
5.984721109271049500e-01
5.942702889442443848e-01
5.830318406224250793e-01
5.942203477025032043e-01
6.170321628451347351e-01
6.536296829581260681e-01
7.098527178168296814e-01
7.502996549010276794e-01
7.626561746001243591e-01
7.984620779752731323e-01
8.117275312542915344e-01
8.317287936806678772e-01
8.470346629619598389e-01
8.764038607478141785e-01
8.961490839719772339e-01
9.147604107856750488e-01
9.087565019726753235e-01
9.001524522900581360e-01
8.998444154858589172e-01
8.898923993110656738e-01
8.695467859506607056e-01
8.434290960431098938e-01
8.481827303767204285e-01
8.460594192147254944e-01
8.473487868905067444e-01
8.577995821833610535e-01
8.640456274151802063e-01
8.576684072613716125e-01
8.441973254084587097e-01
8.046161830425262451e-01
7.795213535428047180e-01
7.298318594694137573e-01
6.834311410784721375e-01
6.237787753343582153e-01
5.568619072437286377e-01
5.063434541225433350e-01
4.562131762504577637e-01
4.094622582197189331e-01
3.652590587735176086e-01
3.226761370897293091e-01
2.907146513462066650e-01
2.607387155294418335e-01
2.251432165503501892e-01
2.001334279775619507e-01
1.815661340951919556e-01
1.650945097208023071e-01
1.553834080696105957e-01
1.416115462779998779e-01
1.334095895290374756e-01
1.152861118316650391e-01
1.037949323654174805e-01
1.002459526062011719e-01
1.147093772888183594e-01
1.247897148132324219e-01
1.495479047298431396e-01
1.973066329956054688e-01
2.706593424081802368e-01
3.404122069478034973e-01
4.101430624723434448e-01
4.712379351258277893e-01
5.264187455177307129e-01
5.696544051170349121e-01
6.013231202960014343e-01
6.147129014134407043e-01
6.280035898089408875e-01
6.285490021109580994e-01
6.280277892947196960e-01
6.328528597950935364e-01
6.259802505373954773e-01
6.111526042222976685e-01
6.026325523853302002e-01
6.006222888827323914e-01
5.886466428637504578e-01
5.675467476248741150e-01
5.584235414862632751e-01
5.509673580527305603e-01
5.341055989265441895e-01
5.369738191366195679e-01
5.446079820394515991e-01
5.602271780371665955e-01
6.033401414752006531e-01
6.444002613425254822e-01
6.884109899401664734e-01
7.326439172029495239e-01
7.525425404310226440e-01
7.662823945283889771e-01
7.721745669841766357e-01
7.682096213102340698e-01
7.652322500944137573e-01
7.669469565153121948e-01
7.693902701139450073e-01
7.811189964413642883e-01
7.786127403378486633e-01
7.960439100861549377e-01
8.007593229413032532e-01
8.142451494932174683e-01
8.263968005776405334e-01
8.378264978528022766e-01
8.594065979123115540e-01
8.803582265973091125e-01
8.976019769906997681e-01
8.926299586892127991e-01
9.073736742138862610e-01
9.241077229380607605e-01
9.026972949504852295e-01
8.659337535500526428e-01
8.227949663996696472e-01
7.825091257691383362e-01
7.298075035214424133e-01
6.893777474761009216e-01
6.446274071931838989e-01
5.983936712145805359e-01
5.604511722922325134e-01
5.287194475531578064e-01
5.034559816122055054e-01
4.703852832317352295e-01
4.440641999244689941e-01
4.161981418728828430e-01
3.892666846513748169e-01
3.580480441451072693e-01
3.250298053026199341e-01
2.914064973592758179e-01
2.638385146856307983e-01
2.340976223349571228e-01
2.091755643486976624e-01
1.835759580135345459e-01
1.543413922190666199e-01
1.334585845470428467e-01
1.263438984751701355e-01
1.194165647029876709e-01
1.337607800960540771e-01
1.585938557982444763e-01
1.993750855326652527e-01
2.597321420907974243e-01
3.199049904942512512e-01
3.780965358018875122e-01
4.481874331831932068e-01
5.049879997968673706e-01
5.537735298275947571e-01
6.071238741278648376e-01
6.486725732684135437e-01
6.826234906911849976e-01
7.171719446778297424e-01
7.290893346071243286e-01
7.291865274310112000e-01
7.378915995359420776e-01
7.340463846921920776e-01
7.268581017851829529e-01
7.218995019793510437e-01
7.128864079713821411e-01
6.839244440197944641e-01
6.632184237241744995e-01
6.375518888235092163e-01
6.169951632618904114e-01
6.138124018907546997e-01
6.139784157276153564e-01
6.298184320330619812e-01
6.446203216910362244e-01
6.907964795827865601e-01
7.294424325227737427e-01
7.560816258192062378e-01
7.868349552154541016e-01
7.863670662045478821e-01
7.795163020491600037e-01
7.626510933041572571e-01
7.367165088653564453e-01
7.027587518095970154e-01
6.783825606107711792e-01
6.309175416827201843e-01
6.026485338807106018e-01
5.846729576587677002e-01
5.711934491991996765e-01
5.764597207307815552e-01
5.721081718802452087e-01
5.921171456575393677e-01
6.109392121434211731e-01
6.353545114398002625e-01
6.558006182312965393e-01
6.827082857489585876e-01
6.954110711812973022e-01
7.036445215344429016e-01
6.904180124402046204e-01
6.703689843416213989e-01
6.272288113832473755e-01
5.758075267076492310e-01
5.378769189119338989e-01
4.952752813696861267e-01
4.763871207833290100e-01
4.714072719216346741e-01
4.887598976492881775e-01
5.056718364357948303e-01
5.262433886528015137e-01
5.653017610311508179e-01
5.965934023261070251e-01
6.307484135031700134e-01
6.580222323536872864e-01
6.909561082720756531e-01
7.177026346325874329e-01
7.299514561891555786e-01
7.293267175555229187e-01
7.304534539580345154e-01
7.187104150652885437e-01
7.035594731569290161e-01
6.931006163358688354e-01
6.680725365877151489e-01
6.664237231016159058e-01
6.891406625509262085e-01
7.195785120129585266e-01
7.431350499391555786e-01
7.785170823335647583e-01
8.029161766171455383e-01
8.277625292539596558e-01
8.454568460583686829e-01
8.566123321652412415e-01
8.746485784649848938e-01
8.858322352170944214e-01
9.083355069160461426e-01
8.850425258278846741e-01
8.598703593015670776e-01
8.341141268610954285e-01
7.952449396252632141e-01
7.554102018475532532e-01
7.237026691436767578e-01
6.864271610975265503e-01
6.704890802502632141e-01
6.437358781695365906e-01
6.383682340383529663e-01
6.377026587724685669e-01
6.426503211259841919e-01
6.358740255236625671e-01
6.101244613528251648e-01
5.967593118548393250e-01
5.465515404939651489e-01
5.085846707224845886e-01
4.682265296578407288e-01
4.250989854335784912e-01
3.886633813381195068e-01
3.565464392304420471e-01
3.215260878205299377e-01
2.801008597016334534e-01
2.490629553794860840e-01
2.265284657478332520e-01
2.118598073720932007e-01
2.081167921423912048e-01
2.241003736853599548e-01
2.399818226695060730e-01
2.772602066397666931e-01
3.054766878485679626e-01
3.523073568940162659e-01
3.902211561799049377e-01
4.209361895918846130e-01
4.577223137021064758e-01
4.878156185150146484e-01
5.162905678153038025e-01
5.580296367406845093e-01
6.037402376532554626e-01
6.538549065589904785e-01
7.013164609670639038e-01
7.441627606749534607e-01
7.611016854643821716e-01
7.685764282941818237e-01
7.784835547208786011e-01
7.807871177792549133e-01
7.773739174008369446e-01
7.664586752653121948e-01
7.622239291667938232e-01
7.486074417829513550e-01
7.380188778042793274e-01
7.373842447996139526e-01
7.354745492339134216e-01
7.493194788694381714e-01
7.666161805391311646e-01
7.860171496868133545e-01
8.004389628767967224e-01
8.247756212949752808e-01
8.483541086316108704e-01
8.605815246701240540e-01
8.757062032818794250e-01
8.840240687131881714e-01
8.732637614011764526e-01
8.363867327570915222e-01
7.937638834118843079e-01
7.436128035187721252e-01
7.068475037813186646e-01
6.577665433287620544e-01
6.094633191823959351e-01
5.630479454994201660e-01
5.423516258597373962e-01
5.180446878075599670e-01
5.000109523534774780e-01
4.875089526176452637e-01
4.882433563470840454e-01
4.776267036795616150e-01
4.618687778711318970e-01
4.413210526108741760e-01
4.250935018062591553e-01
3.987013176083564758e-01
3.661155402660369873e-01
3.342560082674026489e-01
3.070933371782302856e-01
2.798930257558822632e-01
2.497892230749130249e-01
2.242535203695297241e-01
2.064272314310073853e-01
2.130720838904380798e-01
2.239893004298210144e-01
2.519356161355972290e-01
2.959277853369712830e-01
3.572823107242584229e-01
4.122929126024246216e-01
4.666277915239334106e-01
5.164036899805068970e-01
5.725363343954086304e-01
6.188543587923049927e-01
6.644242480397224426e-01
7.136806100606918335e-01
7.446218281984329224e-01
7.774112671613693237e-01
7.895237281918525696e-01
8.140329867601394653e-01
8.409388437867164612e-01
8.405778482556343079e-01
8.400079905986785889e-01
8.362037837505340576e-01
8.409406840801239014e-01
8.054092898964881897e-01
7.963465899229049683e-01
7.746997252106666565e-01
7.699714973568916321e-01
7.703811377286911011e-01
7.652651965618133545e-01
7.773353308439254761e-01
7.950936183333396912e-01
8.249739855527877808e-01
8.482701852917671204e-01
8.575822189450263977e-01
8.506036773324012756e-01
8.330279663205146790e-01
8.042380884289741516e-01
7.549057081341743469e-01
7.031815797090530396e-01
6.552002057433128357e-01
5.937954932451248169e-01
5.340206921100616455e-01
4.894507527351379395e-01
4.524715542793273926e-01
4.174187630414962769e-01
3.895289450883865356e-01
3.637405261397361755e-01
3.460496589541435242e-01
3.423009291291236877e-01
3.284804373979568481e-01
3.313391134142875671e-01
3.205359727144241333e-01
3.177956193685531616e-01
3.024163171648979187e-01
2.712809890508651733e-01
2.534536719322204590e-01
2.374918386340141296e-01
2.133941873908042908e-01
2.053296342492103577e-01
2.043455988168716431e-01
2.167834192514419556e-01
2.492873445153236389e-01
2.984049916267395020e-01
3.578311949968338013e-01
4.213103428483009338e-01
4.779650047421455383e-01
5.397056117653846741e-01
5.790622457861900330e-01
6.228606626391410828e-01
6.535442993044853210e-01
6.912097856402397156e-01
7.127507105469703674e-01
7.265053987503051758e-01
7.340283319354057312e-01
7.574795559048652649e-01
7.663543671369552612e-01
7.789714038372039795e-01
7.692134082317352295e-01
7.695500552654266357e-01
7.818748205900192261e-01
7.611315250396728516e-01
7.437117844820022583e-01
7.313598841428756714e-01
7.242274209856987000e-01
7.229271382093429565e-01
7.283630818128585815e-01
7.465524300932884216e-01
7.780483216047286987e-01
8.008314445614814758e-01
8.271044939756393433e-01
8.354962244629859924e-01
8.385536372661590576e-01
8.169839456677436829e-01
7.977264896035194397e-01
7.551856413483619690e-01
7.366616427898406982e-01
7.007722482085227966e-01
6.610648706555366516e-01
6.220675259828567505e-01
5.798940211534500122e-01
5.392507165670394897e-01
5.148207470774650574e-01
4.972185939550399780e-01
4.740231186151504517e-01
4.764412865042686462e-01
4.680047184228897095e-01
4.620843827724456787e-01
4.594594314694404602e-01
4.592601135373115540e-01
4.551092758774757385e-01
4.320572316646575928e-01
3.942514732480049133e-01
3.672641962766647339e-01
3.452145904302597046e-01
3.199478387832641602e-01
3.007663786411285400e-01
2.865993529558181763e-01
2.877510264515876770e-01
3.033235743641853333e-01
3.357182592153549194e-01
3.638423234224319458e-01
4.075282737612724304e-01
4.549034014344215393e-01
5.090090408921241760e-01
5.643301233649253845e-01
6.125206276774406433e-01
6.529845744371414185e-01
7.014636918902397156e-01
7.418748140335083008e-01
7.657097652554512024e-01
7.874204367399215698e-01
8.175205737352371216e-01
8.457014933228492737e-01
8.605772852897644043e-01
8.773317858576774597e-01
8.881425634026527405e-01
8.900551050901412964e-01
8.824314326047897339e-01
8.816866129636764526e-01
8.705720677971839905e-01
8.629317358136177063e-01
8.558464571833610535e-01
8.491712585091590881e-01
8.529983535408973694e-01
8.762354925274848938e-01
8.793782964348793030e-01
8.893565088510513306e-01
9.275157153606414795e-01
9.235450550913810730e-01
8.852398470044136047e-01
8.464760035276412964e-01
7.994620203971862793e-01
7.540201693773269653e-01
7.004674226045608521e-01
6.488998010754585266e-01
5.714958831667900085e-01
5.228800103068351746e-01
4.675326943397521973e-01
4.188996627926826477e-01
3.861791342496871948e-01
3.442852050065994263e-01
3.080451041460037231e-01
2.768927663564682007e-01
2.571148276329040527e-01
2.312505468726158142e-01
2.060084939002990723e-01
1.925938352942466736e-01
1.676912829279899597e-01
1.497428566217422485e-01
1.278963088989257812e-01
1.063444614410400391e-01
9.442611783742904663e-02
9.728296846151351929e-02
9.226533025503158569e-02
9.196543693542480469e-02
1.118084639310836792e-01
1.558822765946388245e-01
2.268651798367500305e-01
2.986670583486557007e-01
3.697735369205474854e-01
4.408252090215682983e-01
4.983453080058097839e-01
5.505988299846649170e-01
5.747249349951744080e-01
5.994423851370811462e-01
6.234971210360527039e-01
6.273884698748588562e-01
6.444714739918708801e-01
6.415346041321754456e-01
6.435539647936820984e-01
6.302621737122535706e-01
6.202496215701103210e-01
6.113070994615554810e-01
6.018472313880920410e-01
5.742857754230499268e-01
5.598692223429679871e-01
5.409842953085899353e-01
5.305255055427551270e-01
5.244626402854919434e-01
5.221300348639488220e-01
5.363335460424423218e-01
5.577162355184555054e-01
6.096992418169975281e-01
6.609435677528381348e-01
7.048374265432357788e-01
7.341430261731147766e-01
7.482838556170463562e-01
7.587302476167678833e-01
7.710673511028289795e-01
7.704478949308395386e-01
7.573868930339813232e-01
7.601334750652313232e-01
7.748529165983200073e-01
7.752715796232223511e-01
7.801290825009346008e-01
7.758699730038642883e-01
7.961697950959205627e-01
8.122896701097488403e-01
8.322008624672889709e-01
8.383042886853218079e-01
8.585130050778388977e-01
8.796582296490669250e-01
8.979786783456802368e-01
9.046381115913391113e-01
9.149567782878875732e-01
9.299274906516075134e-01
9.086276814341545105e-01
8.612531200051307678e-01
8.227549120783805847e-01
7.825529947876930237e-01
7.207338064908981323e-01
6.847996637225151062e-01
6.498487740755081177e-01
5.997660085558891296e-01
5.608736500144004822e-01
5.364246293902397156e-01
5.139272436499595642e-01
4.845906272530555725e-01
4.543566033244132996e-01
4.305116832256317139e-01
3.974104821681976318e-01
3.713754862546920776e-01
3.392813578248023987e-01
3.044039756059646606e-01
2.727938741445541382e-01
2.454986423254013062e-01
2.163681015372276306e-01
1.910445466637611389e-01
1.573287397623062134e-01
1.397756412625312805e-01
1.383114755153656006e-01
1.293289661407470703e-01
1.375143527984619141e-01
1.658493354916572571e-01
2.115147709846496582e-01
2.709295973181724548e-01
3.267975524067878723e-01
3.853858262300491333e-01
4.486246481537818909e-01
5.071113109588623047e-01
5.638499855995178223e-01
6.140293404459953308e-01
6.471848413348197937e-01
6.963825151324272156e-01
7.203281000256538391e-01
7.356596440076828003e-01
7.380089014768600464e-01
7.525990754365921021e-01
7.551963776350021362e-01
7.445519715547561646e-01
7.262968271970748901e-01
7.075624912977218628e-01
7.071906328201293945e-01
6.820242777466773987e-01
6.521215364336967468e-01
6.368934214115142822e-01
6.152294799685478210e-01
6.261447891592979431e-01
6.451853439211845398e-01
6.735465079545974731e-01
6.998500749468803406e-01
7.367660626769065857e-01
7.714361399412155151e-01
7.971889227628707886e-01
7.970414534211158752e-01
7.891311720013618469e-01
7.634850367903709412e-01
7.322056293487548828e-01
6.922745630145072937e-01
6.626575067639350891e-01
6.297860369086265564e-01
5.852970108389854431e-01
5.640785172581672668e-01
5.553950294852256775e-01
5.479059815406799316e-01
5.470401272177696228e-01
5.613895356655120850e-01
5.813665315508842468e-01
6.007488518953323364e-01
6.199580356478691101e-01
6.380084976553916931e-01
6.601120978593826294e-01
6.675492078065872192e-01
6.532574445009231567e-01
6.172211095690727234e-01
5.894736796617507935e-01
5.345004647970199585e-01
5.006639733910560608e-01
4.734755530953407288e-01
4.542192742228507996e-01
4.510957077145576477e-01
4.663635864853858948e-01
4.873586595058441162e-01
5.272529721260070801e-01
5.645207762718200684e-01
6.007056459784507751e-01
6.375437900424003601e-01
6.769520789384841919e-01
7.090076059103012085e-01
7.398677617311477661e-01
7.587641552090644836e-01
7.677481174468994141e-01
7.840906456112861633e-01
7.748752906918525696e-01
7.609378546476364136e-01
7.642394751310348511e-01
7.610680758953094482e-01
7.545359134674072266e-01
7.798587530851364136e-01
7.994767054915428162e-01
8.374646976590156555e-01
8.504922464489936829e-01
8.596431091427803040e-01
8.889751210808753967e-01
9.088500514626502991e-01
9.123785570263862610e-01
9.344955906271934509e-01
9.478555321693420410e-01
9.585451781749725342e-01
9.232564568519592285e-01
8.795067965984344482e-01
8.410829752683639526e-01
8.002850413322448730e-01
7.561335116624832153e-01
7.094228714704513550e-01
6.636177748441696167e-01
6.237092241644859314e-01
5.731921121478080750e-01
5.428641885519027710e-01
5.250417217612266541e-01
5.069974884390830994e-01
4.811803698539733887e-01
4.457831531763076782e-01
4.103359058499336243e-01
3.728359118103981018e-01
3.354956954717636108e-01
2.993514090776443481e-01
2.678324282169342041e-01
2.402830794453620911e-01
2.111029401421546936e-01
1.803687512874603271e-01
1.496307551860809326e-01
1.224704235792160034e-01
1.167328357696533203e-01
1.149295940995216370e-01
1.198806390166282654e-01
1.301788464188575745e-01
1.797796562314033508e-01
2.315937802195549011e-01
2.900615334510803223e-01
3.475044444203376770e-01
4.174141436815261841e-01
4.756457358598709106e-01
5.321263968944549561e-01
5.821202397346496582e-01
6.218836605548858643e-01
6.662066653370857239e-01
7.070359438657760620e-01
7.257572859525680542e-01
7.386040613055229187e-01
7.256011590361595154e-01
7.329820841550827026e-01
7.239226922392845154e-01
7.233338281512260437e-01
6.982632875442504883e-01
6.863334253430366516e-01
6.542038470506668091e-01
6.327525675296783447e-01
6.030439361929893494e-01
6.044302284717559814e-01
5.993610844016075134e-01
6.012794449925422668e-01
6.212073490023612976e-01
6.557573303580284119e-01
7.021313458681106567e-01
7.391154840588569641e-01
7.621926888823509216e-01
7.863413989543914795e-01
7.805820778012275696e-01
7.680202797055244446e-01
7.459809482097625732e-01
7.073444575071334839e-01
6.729094237089157104e-01
6.543153375387191772e-01
6.200772821903228760e-01
5.886973887681961060e-01
5.854827091097831726e-01
5.829055234789848328e-01
5.868037045001983643e-01
6.061183884739875793e-01
6.304731667041778564e-01
6.477869674563407898e-01
6.853667050600051880e-01
7.025912851095199585e-01
7.216793745756149292e-01
7.294130772352218628e-01
7.328538522124290466e-01
7.168469354510307312e-01
6.919747591018676758e-01
6.490481942892074585e-01
5.963289663195610046e-01
5.517174229025840759e-01
5.210433229804039001e-01
5.018747895956039429e-01
5.114807933568954468e-01
5.255413278937339783e-01
5.481790527701377869e-01
5.733820721507072449e-01
6.034611687064170837e-01
6.367555260658264160e-01
6.613595858216285706e-01
6.888246461749076843e-01
7.152688577771186829e-01
7.291589528322219849e-01
7.218866795301437378e-01
7.051521092653274536e-01
6.984940767288208008e-01
6.716997995972633362e-01
6.422567293047904968e-01
6.015003100037574768e-01
5.891280099749565125e-01
5.908595249056816101e-01
6.081153079867362976e-01
6.349959298968315125e-01
6.895371973514556885e-01
7.331207543611526489e-01
7.547083348035812378e-01
7.743280380964279175e-01
7.960530146956443787e-01
8.164738863706588745e-01
8.316557779908180237e-01
8.386346995830535889e-01
8.296367824077606201e-01
8.175370767712593079e-01
7.998884692788124084e-01
7.668361738324165344e-01
7.433521002531051636e-01
7.046636790037155151e-01
6.842738389968872070e-01
6.725438013672828674e-01
6.648377627134323120e-01
6.775035113096237183e-01
6.982734948396682739e-01
7.243086546659469604e-01
7.342567890882492065e-01
7.439378947019577026e-01
7.492144852876663208e-01
7.403443604707717896e-01
7.114057168364524841e-01
6.759735792875289917e-01
6.268892213702201843e-01
5.772365555167198181e-01
5.252760872244834900e-01
4.757279753684997559e-01
4.338473975658416748e-01
4.047135636210441589e-01
3.767756298184394836e-01
3.567335158586502075e-01
3.461164981126785278e-01
3.591804504394531250e-01
3.708462268114089966e-01
3.961417526006698608e-01
4.065695181488990784e-01
4.396540671586990356e-01
4.529223144054412842e-01
4.585221260786056519e-01
4.639832153916358948e-01
4.507419764995574951e-01
4.401276558637619019e-01
4.310406967997550964e-01
4.271240308880805969e-01
4.343677088618278503e-01
4.586037918925285339e-01
4.937130585312843323e-01
5.432341247797012329e-01
5.991937890648841858e-01
6.509954407811164856e-01
6.944691687822341919e-01
7.226980477571487427e-01
7.374873906373977661e-01
7.587431743741035461e-01
7.802111804485321045e-01
7.877928093075752258e-01
7.970424070954322815e-01
8.207864016294479370e-01
8.451435938477516174e-01
8.516332805156707764e-01
8.708873763680458069e-01
8.934945836663246155e-01
9.145816341042518616e-01
9.327723681926727295e-01
9.522715508937835693e-01
9.601297527551651001e-01
9.718198180198669434e-01
9.734262302517890930e-01
9.774588122963905334e-01
9.975173771381378174e-01
1.015044867992401123e+00
1.013619557023048401e+00
9.771272987127304077e-01
9.216489195823669434e-01
8.636004626750946045e-01
8.190589025616645813e-01
7.780783548951148987e-01
7.216760367155075073e-01
6.780367344617843628e-01
6.307987719774246216e-01
5.675234720110893250e-01
5.193515047430992126e-01
4.713750481605529785e-01
4.224654510617256165e-01
3.831111639738082886e-01
3.378941863775253296e-01
2.985002920031547546e-01
2.628867477178573608e-01
2.210590764880180359e-01
1.885744482278823853e-01
1.579638049006462097e-01
1.291131302714347839e-01
1.099669560790061951e-01
8.869886398315429688e-02
7.481213659048080444e-02
5.775920301675796509e-02
5.089143663644790649e-02
5.185376852750778198e-02
6.137716025114059448e-02
6.911093741655349731e-02
9.787742048501968384e-02
1.627907752990722656e-01
2.294987961649894714e-01
3.071294426918029785e-01
3.796568959951400757e-01
4.488360062241554260e-01
5.104020908474922180e-01
5.495879352092742920e-01
5.810959115624427795e-01
6.065686792135238647e-01
6.218110248446464539e-01
6.316442042589187622e-01
6.164512187242507935e-01
6.113147288560867310e-01
6.046605035662651062e-01
5.912352725863456726e-01
5.679896175861358643e-01
5.461749956011772156e-01
5.241958871483802795e-01
5.121735930442810059e-01
4.862305819988250732e-01
4.726948067545890808e-01
4.598790481686592102e-01
4.643394649028778076e-01
4.676415920257568359e-01
4.826132431626319885e-01
5.154203698039054871e-01
5.658235773444175720e-01
6.164937242865562439e-01
6.605902016162872314e-01
7.063632234930992126e-01
7.321846112608909607e-01
7.336273640394210815e-01
7.403883188962936401e-01
7.486527711153030396e-01
7.658884525299072266e-01
7.723776996135711670e-01
7.753392904996871948e-01
7.917080745100975037e-01
8.083248212933540344e-01
8.291953876614570618e-01
8.585407435894012451e-01
8.631211593747138977e-01
8.924541249871253967e-01
9.123233333230018616e-01
9.170162752270698547e-01
9.379478916525840759e-01
9.512220025062561035e-01
9.731988310813903809e-01
9.723581150174140930e-01
9.868529438972473145e-01
9.910571873188018799e-01
9.452899768948554993e-01
9.068570733070373535e-01
8.438657298684120178e-01
8.004857376217842102e-01
7.615517824888229370e-01
7.253853976726531982e-01
6.736970692873001099e-01
6.409472674131393433e-01
5.935824587941169739e-01
5.501916334033012390e-01
5.151196941733360291e-01
4.712430015206336975e-01
4.308372437953948975e-01
3.889971673488616943e-01
3.455220535397529602e-01
3.106947690248489380e-01
2.766004279255867004e-01
2.386231645941734314e-01
2.085036560893058777e-01
1.766608655452728271e-01
1.466200053691864014e-01
1.146336495876312256e-01
1.021350324153900146e-01
9.003790467977523804e-02
7.894682884216308594e-02
6.917322427034378052e-02
8.379686623811721802e-02
1.024802103638648987e-01
1.414175406098365784e-01
1.895643547177314758e-01
2.453781142830848694e-01
3.198330998420715332e-01
3.859639093279838562e-01
4.500218704342842102e-01
5.125797688961029053e-01
5.562378242611885071e-01
6.021175980567932129e-01
6.365576907992362976e-01
6.507981494069099426e-01
6.730814725160598755e-01
6.704282686114311218e-01
6.701283007860183716e-01
6.552505418658256531e-01
6.459580212831497192e-01
6.201012060046195984e-01
5.964736491441726685e-01
5.863696262240409851e-01
5.626586526632308960e-01
5.469866394996643066e-01
5.216496586799621582e-01
5.233106017112731934e-01
5.179801583290100098e-01
5.270419716835021973e-01
5.415434688329696655e-01
5.708158239722251892e-01
6.112703606486320496e-01
6.579733192920684814e-01
7.131266817450523376e-01
7.485195845365524292e-01
7.500228509306907654e-01
7.518666535615921021e-01
7.381032258272171021e-01
7.386554032564163208e-01
7.261184900999069214e-01
7.242822274565696716e-01
7.128124684095382690e-01
7.226181477308273315e-01
7.354283258318901062e-01
7.515310496091842651e-01
7.611439973115921021e-01
7.799756228923797607e-01
8.079505339264869690e-01
8.318818882107734680e-01
8.531000316143035889e-01
8.649946227669715881e-01
8.822192922234535217e-01
9.029544368386268616e-01
9.007900357246398926e-01
9.021580293774604797e-01
8.863933682441711426e-01
8.548273295164108276e-01
8.119002655148506165e-01
7.715324237942695618e-01
7.290136069059371948e-01
6.849684640765190125e-01
6.575386896729469299e-01
6.362719759345054626e-01
6.042340472340583801e-01
5.895576775074005127e-01
5.781814530491828918e-01
5.541943535208702087e-01
5.411253571510314941e-01
5.104640126228332520e-01
4.803811088204383850e-01
4.500669762492179871e-01
4.104479253292083740e-01
3.769018724560737610e-01
3.423625975847244263e-01
3.076030462980270386e-01
2.740326970815658569e-01
2.440486177802085876e-01
2.142419144511222839e-01
1.908171400427818298e-01
1.733398959040641785e-01
1.702167689800262451e-01
1.879980266094207764e-01
2.045318037271499634e-01
2.494142577052116394e-01
2.966979146003723145e-01
3.392489179968833923e-01
3.903934210538864136e-01
4.349775686860084534e-01
4.883130863308906555e-01
5.426748394966125488e-01
5.793988928198814392e-01
6.285369321703910828e-01
6.823532506823539734e-01
7.259310036897659302e-01
7.485628575086593628e-01
7.617219239473342896e-01
7.818147391080856323e-01
7.903061732649803162e-01
7.916570082306861877e-01
7.754050120711326599e-01
7.712217643857002258e-01
7.577302157878875732e-01
7.492320984601974487e-01
7.176179513335227966e-01
7.167139500379562378e-01
7.109414339065551758e-01
7.016889676451683044e-01
7.174002379179000854e-01
7.361245900392532349e-01
7.533473595976829529e-01
7.850964069366455078e-01
8.034821376204490662e-01
8.302549198269844055e-01
8.411471918225288391e-01
8.332292735576629639e-01
8.149678781628608704e-01
7.872165516018867493e-01
7.393175438046455383e-01
6.879529580473899841e-01
6.498520746827125549e-01
5.930054113268852234e-01
5.495082810521125793e-01
5.168729722499847412e-01
4.962539076805114746e-01
4.858476519584655762e-01
4.792026057839393616e-01
4.712495505809783936e-01
4.793796241283416748e-01
4.860367104411125183e-01
4.932864680886268616e-01
4.919183850288391113e-01
4.787238612771034241e-01
4.673246666789054871e-01
4.419375732541084290e-01
4.173168018460273743e-01
3.835661485791206360e-01
3.512488678097724915e-01
3.273448944091796875e-01
3.084119111299514771e-01
3.031673803925514221e-01
3.125887960195541382e-01
3.403725549578666687e-01
3.830568045377731323e-01
4.354897812008857727e-01
4.846220090985298157e-01
5.363181605935096741e-01
5.786454901099205017e-01
6.310712769627571106e-01
6.803862601518630981e-01
7.236550226807594299e-01
7.510619089007377625e-01
7.783472537994384766e-01
8.052382841706275940e-01
8.408735767006874084e-01
8.641440272331237793e-01
8.661714568734169006e-01
9.001964777708053589e-01
9.127849116921424866e-01
9.235174730420112610e-01
9.204833209514617920e-01
9.036123827099800110e-01
9.054958894848823547e-01
8.970449566841125488e-01
8.874276652932167053e-01
8.779448419809341431e-01
8.961480632424354553e-01
8.934978023171424866e-01
9.213435351848602295e-01
9.482232034206390381e-01
9.390464425086975098e-01
9.284740090370178223e-01
8.799750506877899170e-01
8.416666239500045776e-01
7.785785272717475891e-01
7.433696165680885315e-01
6.832646951079368591e-01
6.203360110521316528e-01
5.550256371498107910e-01
4.969555661082267761e-01
4.518692642450332642e-01
4.030059650540351868e-01
3.572449684143066406e-01
3.208990097045898438e-01
2.831135168671607971e-01
2.509331107139587402e-01
2.176855653524398804e-01
1.862027421593666077e-01
1.755914390087127686e-01
1.592933833599090576e-01
1.274919509887695312e-01
1.084410771727561951e-01
8.920570462942123413e-02
8.229649066925048828e-02
7.503155618906021118e-02
6.391993910074234009e-02
7.122464478015899658e-02
9.063617140054702759e-02
1.078741922974586487e-01
1.586312875151634216e-01
2.348192632198333740e-01
3.156136795878410339e-01
3.914975672960281372e-01
4.547195807099342346e-01
5.096986293792724609e-01
5.478584170341491699e-01
5.774929299950599670e-01
6.013945564627647400e-01
6.113588288426399231e-01
6.179032921791076660e-01
6.212019845843315125e-01
6.137537881731987000e-01
6.042309105396270752e-01
5.828758701682090759e-01
5.725701153278350830e-01
5.659264549612998962e-01
5.532999634742736816e-01
5.297687277197837830e-01
5.102705806493759155e-01
4.946357607841491699e-01
4.856780543923377991e-01
4.803409278392791748e-01
4.838471561670303345e-01
5.025600716471672058e-01
5.389882922172546387e-01
5.825951695442199707e-01
6.287187188863754272e-01
6.773260757327079773e-01
7.221936434507369995e-01
7.487407475709915161e-01
7.491449564695358276e-01
7.667019367218017578e-01
7.742377966642379761e-01
7.699205130338668823e-01
7.865897044539451599e-01
7.960067167878150940e-01
8.109192401170730591e-01
8.229965046048164368e-01
8.464191034436225891e-01
8.543412089347839355e-01
8.760881945490837097e-01
8.849658742547035217e-01
9.179685711860656738e-01
9.266926944255828857e-01
9.447642266750335693e-01
9.552421718835830688e-01
9.800790622830390930e-01
9.791124835610389709e-01
9.929483234882354736e-01
9.720967411994934082e-01
9.335879683494567871e-01
8.633591830730438232e-01
8.304595723748207092e-01
7.852475717663764954e-01
7.251831367611885071e-01
6.920117959380149841e-01
6.466263085603713989e-01
5.934293642640113831e-01
5.501019880175590515e-01
5.084692761301994324e-01
4.682537391781806946e-01
4.333511292934417725e-01
3.966765925288200378e-01
3.549976721405982971e-01
3.241476565599441528e-01
2.852620631456375122e-01
2.451981529593467712e-01
2.100065797567367554e-01
1.793797239661216736e-01
1.555777937173843384e-01
1.257972717285156250e-01
1.105663776397705078e-01
9.686040878295898438e-02
7.780667394399642944e-02
7.013209909200668335e-02
7.176486402750015259e-02
8.801019936800003052e-02
1.200334653258323669e-01
1.630572080612182617e-01
2.331231236457824707e-01
3.000808358192443848e-01
3.680917769670486450e-01
4.363716393709182739e-01
4.950885847210884094e-01
5.525553375482559204e-01
5.922829434275627136e-01
6.215379163622856140e-01
6.458209976553916931e-01
6.717973798513412476e-01
6.703238710761070251e-01
6.731848269701004028e-01
6.540155336260795593e-01
6.546769365668296814e-01
6.333962976932525635e-01
6.064442321658134460e-01
5.923805534839630127e-01
5.681355297565460205e-01
5.540838167071342468e-01
5.211646780371665955e-01
5.177268385887145996e-01
5.086670890450477600e-01
5.162588432431221008e-01
5.278550162911415100e-01
5.598472580313682556e-01
5.945783555507659912e-01
6.408245041966438293e-01
6.884405538439750671e-01
7.373087778687477112e-01
7.478151768445968628e-01
7.528246715664863586e-01
7.417014390230178833e-01
7.386916428804397583e-01
7.331179454922676086e-01
7.211846932768821716e-01
7.197098657488822937e-01
7.191276997327804565e-01
7.245769947767257690e-01
7.440242394804954529e-01
7.680867463350296021e-01
7.834365069866180420e-01
7.969952449202537537e-01
8.230056017637252808e-01
8.484952524304389954e-01
8.613091781735420227e-01
8.758483007550239563e-01
8.957604318857192993e-01
9.056680798530578613e-01
9.165847003459930420e-01
9.064376056194305420e-01
8.792427182197570801e-01
8.301014974713325500e-01
7.885005548596382141e-01
7.343512400984764099e-01
7.023342922329902649e-01
6.812783479690551758e-01
6.463736742734909058e-01
6.155564337968826294e-01
6.024087890982627869e-01
5.904327034950256348e-01
5.664999783039093018e-01
5.592583641409873962e-01
5.193640515208244324e-01
4.981994032859802246e-01
4.645388275384902954e-01
4.273263290524482727e-01
3.864027336239814758e-01
3.465410098433494568e-01
3.213329315185546875e-01
2.922267466783523560e-01
2.589791864156723022e-01
2.185385823249816895e-01
1.907665058970451355e-01
1.785134971141815186e-01
1.730505749583244324e-01
1.756751686334609985e-01
1.993824765086174011e-01
2.263602912425994873e-01
2.748065590858459473e-01
3.191600069403648376e-01
3.589548990130424500e-01
4.169920235872268677e-01
4.642626792192459106e-01
5.082789734005928040e-01
5.602956414222717285e-01
6.074418947100639343e-01
6.570496484637260437e-01
7.040496096014976501e-01
7.373987883329391479e-01
7.590784281492233276e-01
7.815253436565399170e-01
7.812095955014228821e-01
7.825308665633201599e-01
7.784500941634178162e-01
7.729851081967353821e-01
7.676326483488082886e-01
7.435167282819747925e-01
7.265819758176803589e-01
7.013555318117141724e-01
7.128907442092895508e-01
7.045766934752464294e-01
6.999204233288764954e-01
7.220484465360641479e-01
7.371831685304641724e-01
7.695921733975410461e-01
7.985450476408004761e-01
8.111639097332954407e-01
8.407042399048805237e-01
8.428575694561004639e-01
8.276216685771942139e-01
8.034251108765602112e-01
7.600078657269477844e-01
7.218344211578369141e-01
6.652823686599731445e-01
6.238450929522514343e-01
5.723781138658523560e-01
5.373843759298324585e-01
5.110780969262123108e-01
5.003094524145126343e-01
4.850032031536102295e-01
4.873960614204406738e-01
4.890664592385292053e-01
4.960001111030578613e-01
5.057055652141571045e-01
5.018674731254577637e-01
4.971629977226257324e-01
4.888808429241180420e-01
4.717992320656776428e-01
4.438196122646331787e-01
4.150480106472969055e-01
3.770501986145973206e-01
3.471838608384132385e-01
3.263945952057838440e-01
3.113692551851272583e-01
3.121447488665580750e-01
3.363084346055984497e-01
3.623550310730934143e-01
4.102176353335380554e-01
4.595086947083473206e-01
5.106894150376319885e-01
5.644941553473472595e-01
6.087059304118156433e-01
6.506509333848953247e-01
7.002067491412162781e-01
7.326513975858688354e-01
7.739165574312210083e-01
7.981544807553291321e-01
8.250769823789596558e-01
8.467252328991889954e-01
8.654662445187568665e-01
8.823990896344184875e-01
9.188054576516151428e-01
9.143694043159484863e-01
9.261576831340789795e-01
9.290591999888420105e-01
9.118249118328094482e-01
9.114081561565399170e-01
9.026968553662300110e-01
8.809207454323768616e-01
8.882592692971229553e-01
9.060638546943664551e-01
9.209191501140594482e-01
9.441204965114593506e-01
9.524517208337783813e-01
9.495958983898162842e-01
9.067059457302093506e-01
8.612230420112609863e-01
8.174572512507438660e-01
7.714193835854530334e-01
7.160002887248992920e-01
6.552674025297164917e-01
5.872375890612602234e-01
5.270589441061019897e-01
4.788989424705505371e-01
4.287338852882385254e-01
3.854271247982978821e-01
3.426801711320877075e-01
2.958925142884254456e-01
2.633178085088729858e-01
2.305161431431770325e-01
2.028031945228576660e-01
1.844066083431243896e-01
1.619750410318374634e-01
1.332663819193840027e-01
1.177736595273017883e-01
9.737956523895263672e-02
8.131559938192367554e-02
7.253050804138183594e-02
6.209937483072280884e-02
7.043690979480743408e-02
7.565116882324218750e-02
7.879872620105743408e-02
1.275674924254417419e-01
1.923582553863525391e-01
2.682004123926162720e-01
3.450928404927253723e-01
4.146967679262161255e-01
4.833428412675857544e-01
5.230684876441955566e-01
5.634732097387313843e-01
5.924635529518127441e-01
6.039303094148635864e-01
6.123472675681114197e-01
6.112237572669982910e-01
6.119795143604278564e-01
6.020484566688537598e-01
5.865208134055137634e-01
5.794589444994926453e-01
5.632018074393272400e-01
5.557799562811851501e-01
5.328943505883216858e-01
5.149125456809997559e-01
4.968620613217353821e-01
4.824241176247596741e-01
4.718709141016006470e-01
4.665519073605537415e-01
4.835439622402191162e-01
5.125774666666984558e-01
5.540848746895790100e-01
5.955597683787345886e-01
6.445266678929328918e-01
6.942193061113357544e-01
7.329495325684547424e-01
7.342162877321243286e-01
7.553032711148262024e-01
7.653820514678955078e-01
7.774268835783004761e-01
7.795530632138252258e-01
7.954020872712135315e-01
8.005914762616157532e-01
8.271507099270820618e-01
8.378165140748023987e-01
8.465263545513153076e-01
8.690877929329872131e-01
8.926934972405433655e-01
9.101775661110877991e-01
9.161341264843940735e-01
9.391714558005332947e-01
9.629211574792861938e-01
9.838746860623359680e-01
9.905980229377746582e-01
9.895065128803253174e-01
9.961683601140975952e-01
9.790246784687042236e-01
9.166893661022186279e-01
8.564217165112495422e-01
8.250956609845161438e-01
7.697084918618202209e-01
7.334495857357978821e-01
6.746445149183273315e-01
6.364993304014205933e-01
5.793756470084190369e-01
5.360120385885238647e-01
5.049932226538658142e-01
4.521873593330383301e-01
4.211957454681396484e-01
3.831612616777420044e-01
3.386332839727401733e-01
3.026234656572341919e-01
2.624027281999588013e-01
2.263337597250938416e-01
1.985488533973693848e-01
1.660937964916229248e-01
1.420758366584777832e-01
1.186643913388252258e-01
9.308759123086929321e-02
8.189404010772705078e-02
6.868728250265121460e-02
6.048054993152618408e-02
7.730622589588165283e-02
8.927813917398452759e-02
1.212417706847190857e-01
1.714528501033782959e-01
2.410871684551239014e-01
3.130111023783683777e-01
3.828010931611061096e-01
4.470240250229835510e-01
5.056775882840156555e-01
5.572835803031921387e-01
5.982728898525238037e-01
6.255304291844367981e-01
6.439327225089073181e-01
6.634160578250885010e-01
6.724229082465171814e-01
6.508971005678176880e-01
6.475058346986770630e-01
6.272809058427810669e-01
6.098965331912040710e-01
5.908260643482208252e-01
5.743462964892387390e-01
5.570558831095695496e-01
5.250303521752357483e-01
5.129880309104919434e-01
4.992233589291572571e-01
4.979946762323379517e-01
5.092508941888809204e-01
5.264665484428405762e-01
